53.55411109
53.5684033
53.50498891
53.62544505
53.49427904
53.48788184
53.63127418
53.62807457
53.52523416
53.63701749
53.56592169
53.58753602
53.56823202
53.49134289
53.58035058
53.62070367
53.55062401
53.53783126
53.5681467
53.49994703
53.5612606
53.53100425
53.46499274
53.55663443
53.55765473
53.60170006
53.53071603
53.59107749
53.61479582
53.63057597
53.47057454
53.4693688
53.54679877
53.57827516
53.56230077
53.59843964
53.54680146
53.52277869
53.51836223
53.50331032
53.49043115
53.59762682
53.54568756
53.56123953
53.47810457
53.49872935
53.53478301
53.50874237
53.6151394
53.52833831
53.52570802
53.53291855
53.4777358
53.60854921
53.49818564
53.57588116
53.62833401
53.55621782
53.57733851
53.57984926
53.5471949
53.57555588
53.53242596
53.51765685
53.50053764
53.62089072
53.53831552
53.50367617
53.48080236
53.57521046
53.54922428
53.52426252
53.62842947
53.50307269
53.48402459
53.56624775
53.57516998
53.57206484
53.54768983
53.60367019
53.49802436
53.52240981
53.62862992
53.54881262
53.58001013
53.52190283
53.50118611
53.58627958
53.55037832
53.5527294
53.53500812
53.52399485
53.62342323
53.48246629
53.59101864
53.48542974
53.50107864
53.49437348
53.56418481
53.56436734
53.47793523
53.63261998
53.48150798
53.51367877
53.52864091
53.47589293
53.51791916
53.56844447
53.54808298
53.55079821
53.62042662
53.55815043
53.5029435
53.55803182
53.55829999
53.50794683
53.59176932
53.56700162
53.5117114
53.5729449
53.53741252
53.58440631
53.50557408
53.59127596
53.58148115
53.55267144
53.49843157
53.55078557
53.58146438
53.527289
53.54358916
53.58921412
53.49770217
53.4877624
53.5264482
53.58448979
53.58394635
53.4992555
53.50435826
53.51584087
53.60135977
53.58005993
53.63766274
53.61523632
53.55156258
53.56680293
53.62148609
53.57817236
53.51455326
53.47655593
53.59770889
53.60989408
53.56013042
53.57114166
53.55655742
53.57816052
53.6364745
53.54677452
53.54051296
53.60562395
53.48368448
53.57718211
53.63546394
53.564449
53.61888243
53.60303121
53.52539705
53.56078005
53.64247585
53.50518945
53.59372782
53.4941217
53.61648045
53.51454466
53.5658186
53.5363074
53.59681838
53.56515397
53.63130806
53.49395094
53.47451465
53.50241072
53.55211279
53.51000745
53.59035438
53.48131754
53.53833741
53.48392938
53.58563896
53.57519158
53.4811248
53.58909684
53.62308386
53.52377474
53.59397488
53.52081637
53.62202501
53.60959137
53.5520835
53.62506364
53.52808541
53.59651438
53.50622882
53.53196576
53.56765278
53.53348612
53.57442591
53.60965274
53.5410748
53.56396578
53.51237267
53.5010086
53.51387119
53.56938597
53.5794412
53.5172111
53.5863534
53.50439495
53.5062952
53.58382336
53.56343811
53.5389338
53.5738977
53.49686497
53.52436031
53.48640923
53.47074755
53.55295236
53.58204589
53.57988583
53.61818813
53.53226985
53.51877831
53.55421554
53.59230085
53.49331142
53.49399722
53.49805893
53.52821565
53.5380036
53.48487107
53.49690954
53.50821186
53.55522566
53.50213356
53.5047907
53.55128617
53.52684662
53.58423473
53.4831578
