9.96410921
9.98188402
9.98020993
10.00795108
9.97957847
9.93955838
9.94560057
9.99364361
9.98678695
9.97189365
10.07722625
10.04713317
9.87843533
9.91677266
9.9290798
10.04602831
9.96312197
9.99443874
10.12574665
9.87097642
9.92900844
9.94823285
9.97355179
9.87990354
9.98707998
10.10956574
10.02348633
9.92354701
10.08278557
9.98438676
9.98813481
9.9807152
9.90259914
10.00090585
10.08659781
10.06663943
10.00733559
9.88940597
10.11273378
9.99510177
9.89483379
10.04999852
10.13073016
9.92460374
9.99506293
9.9487096
10.05170469
10.11306325
9.99091359
10.06813962
10.04877267
9.97614699
10.0465713
9.99425808
10.07311928
9.89460016
9.93143778
10.10921837
10.02084978
10.07576114
9.88043928
9.8467179
10.10488673
10.09072128
9.89815395
9.97522335
10.02555929
9.87065855
9.9648038
10.09588784
9.89792613
9.99393533
9.95686256
9.90139092
9.91670195
10.13222445
9.96110714
10.09822946
9.98963965
10.05733579
9.89269067
10.08230628
10.0564414
10.12093391
10.00853528
9.95223415
10.00146521
10.05069528
10.06204859
9.90695663
9.91225656
9.94348355
9.98154187
10.00978997
9.87755385
10.0607799
9.8866656
10.04695071
10.07982215
9.95919235
10.06675255
9.96719928
10.07087916
9.97138143
10.05171942
10.04627637
9.90686943
10.07002414
9.98494272
9.94361747
9.92043381
9.93332262
9.89101112
9.96386923
10.10696112
10.09517229
10.07354241
9.92813033
9.97923183
9.85380943
9.93400983
10.00265503
10.00098088
9.89387804
9.94890597
9.8641815
10.05447033
9.97634297
10.03574356
9.90335532
10.03122511
10.01478565
10.08666414
10.06602959
9.935505
9.97784718
10.06998175
10.04650684
9.88416644
10.01120892
9.91034665
9.97924085
10.01051387
9.93382148
9.93275376
10.00188382
10.03939484
9.91584137
10.04833788
10.04079302
10.07508369
10.05519955
10.02816123
10.08480027
9.86748681
10.09591572
10.03219772
9.93883772
9.8845942
9.98019844
9.9571724
9.8903051
9.99833053
10.08105467
9.96709093
9.92617858
10.02822398
9.9157656
9.99114466
9.89144242
10.08590462
10.07095358
9.91706588
10.02961495
10.06543532
10.0697116
10.09922019
9.98226694
10.04366375
9.90408931
9.9442282
10.07914847
9.95325606
10.02824146
9.90209313
10.07584548
9.92924961
10.00774155
9.89759469
10.12155077
9.93514506
9.99423981
9.92805071
10.10254466
9.94549706
9.95210923
9.93022855
9.96548532
9.92173873
10.05482155
9.97199706
10.11842897
9.90055992
9.93846322
10.13417645
10.04979593
10.04303209
10.09163921
9.99721958
10.04619815
9.99264921
9.915956
9.86845426
9.96045701
10.02480132
10.01140027
10.01996615
9.94285257
9.89939051
10.06669801
9.98049118
10.13002841
9.9709804
10.03815712
9.96317829
10.07316982
10.02684078
9.87410274
10.01819159
10.09275085
9.98844388
10.08089608
9.96502529
10.10208443
9.88280543
10.10266023
10.10377276
9.92350923
10.00469261
10.01065336
9.94044326
10.10220089
9.88756023
10.08644327
10.10832584
9.94636896
9.96038798
9.91446037
9.86154714
10.07029732
